01000000000000010000000000000100
01001000001000110000000000000000
00000000000000000000000000000000
01000000000000100000000000100000
01001000000001000000000000000000
00000000000000000000000000000000
01111000100100000000000000000000
00000000000000000000000000000000
10000000011000100000000000000111
01111000010100010000000000000000
00000000000000000000000000000000
00110010000100011001000000100110
00110010010100101001100000110000
01010100010100110000000000000000
01000000010000100000000000000010
10001000000000000000000000001000
01000000000001000000000000000011
